10121
10140
10180
11012
11044
11404
11406
11420
11422
11423
11424
11426
11443
11444
11446
11450
11451
11462
11463
11470
11471
11606
11620
11623
11624
11626
11643
11644
11646
11770
11771
11772
11970
1400
15780
15782
15830
15832
15833
15834
15835
15836
15837
15838
15839
15920
15931
15933
15940
15941
15950
15951
1630
1810
1830
19020
19081
19083
19085
19100
19101
19105
19110
19112
19120
19125
19296
19298
19300
19301
19302
19303
19307
19316
19318
19325
19340
19342
19350
19355
19357
1937
19370
19371
1938
19380
1939
19396
19499
20103
20150
20200
20205
20206
20220
20225
20240
20245
20250
20251
20500
20520
20525
20552
20553
20555
20650
20662
20663
20680
20690
20692
20693
20696
20697
20822
20900
20902
20924
20972
20973
20982
20983
21010
21011
21012
21013
21014
21015
21016
21025
21026
21029
21030
21031
21032
21034
21040
21044
21046
21047
21048
21049
21050
21060
21070
21073
21076
21077
21079
21080
21081
21082
21083
21084
21086
21087
21088
21100
21120
21121
21122
21123
21125
21127
21137
21138
21139
21141
21142
21143
21150
21172
21175
21181
21193
21194
21195
21196
21198
21199
21206
21208
21209
21210
21215
21230
21235
21240
21242
21243
21244
21245
21246
21248
21249
21255
21256
21260
21261
21263
21267
21270
21275
21280
21282
21295
21296
21315
21320
21325
21330
21335
21336
21337
21338
21339
21340
21345
21346
21347
21355
21356
21360
21365
21366
21385
21386
21387
21390
21395
21401
21406
21407
21408
21421
21422
21440
21445
21451
21452
21453
21454
21461
21462
21465
21470
21485
21490
21497
21501
21502
21550
21552
21554
21555
21556
21557
21558
21600
21601
21610
21685
21700
21720
21742
21743
21811
21812
21813
21920
21925
21930
21931
21932
21933
21935
21936
22100
22101
22102
22315
22505
22510
22511
22513
22514
22551
22554
22612
22630
22633
22856
22867
22869
22900
22901
22902
22903
22904
22905
23000
23020
23030
23031
23035
23040
23044
23065
23066
23071
23073
23075
23076
23077
23078
23100
23101
23105
23106
23107
23120
23125
23130
23140
23145
23146
23150
23155
23156
23170
23172
23174
23180
23182
23184
23190
23195
23330
23333
23334
23395
23397
23400
23405
23406
23410
23412
23415
23420
23430
23440
23450
23455
23460
23462
23465
23466
23470
23472
23473
23480
23485
23490
23491
23505
23515
23520
23530
23532
23550
23552
23575
23585
23605
23615
23616
23625
23630
23655
23660
23665
23670
23675
23680
23700
23800
23802
23930
23931
23935
24000
24006
24065
24066
24071
24073
24075
24076
24077
24079
24100
24101
24102
24105
24110
24115
24116
24120
24125
24126
24130
24134
24136
24138
24140
24145
24147
24149
24150
24152
24155
24200
24201
24300
24301
24305
24310
24320
24330
24331
24332
24340
24341
24342
24343
24344
24345
24346
24357
24358
24359
24360
24361
24362
24363
24365
24366
24370
24371
24400
24410
24420
24430
24435
24470
24495
24498
24505
24515
24516
24535
24538
24545
24546
24565
24566
24575
24577
24579
24582
24586
24587
24605
24615
24620
24635
24655
24665
24666
24675
24685
24800
24802
24925
24935
250
25000
25001
25020
25023
25024
25025
25028
25031
25035
25040
25065
25066
25071
25073
25075
25076
25077
25078
25085
25100
25101
25105
25107
25109
25110
25111
25112
25115
25116
25118
25119
25120
25125
25126
25130
25135
25136
25145
25150
25151
25170
25210
25215
25230
25240
25248
25259
25260
25263
25265
25270
25272
25274
25275
25280
25290
25295
25300
25301
25310
25312
25315
25316
25320
25332
25335
25337
25350
25355
25360
25365
25370
25375
25390
25391
25392
25393
25394
25400
25405
25415
25420
25425
25426
25430
25431
25440
25441
25442
25443
25444
25445
25446
25447
25449
25450
25455
25490
25491
25492
25505
25515
25520
25525
25526
25545
25565
25574
25575
25605
25606
25607
25608
25609
25624
25628
25635
25645
25651
25652
25670
25671
25676
25685
25690
25695
25800
25805
25810
25820
25825
25830
25907
25909
25922
25931
26011
26020
26025
26030
26034
26035
26037
26040
26045
26055
26060
26070
26075
26080
26100
26105
26110
26111
26113
26115
26116
26117
26118
26121
26123
26130
26135
26140
26145
26160
26170
26180
26185
26200
26205
26210
26215
26230
26235
26236
26250
26260
26262
26340
26350
26352
26356
26357
26358
26370
26372
26373
26390
26392
26410
26412
26415
26416
26418
26420
26426
26428
26432
26433
26434
26437
26440
26442
26445
26449
26450
26455
26460
26471
26474
26476
26477
26478
26479
26480
26483
26485
26489
26490
26492
26494
26496
26497
26498
26499
26500
26502
26508
26510
26516
26517
26518
26520
26525
26530
26531
26535
26536
26540
26541
26542
26545
26546
26548
26550
26555
26560
26561
26562
26565
26567
26568
26580
26587
26590
26591
26593
26596
26607
26608
26615
26645
26650
26665
26675
26676
26685
26686
26705
26706
26715
26727
26735
26742
26746
26756
26765
26776
26785
26820
26841
26842
26843
26844
26850
26852
26860
26862
26910
26951
26952
26990
26991
270
27000
27001
27003
27006
27027
27033
27035
27040
27041
27043
27045
27047
27048
27049
27050
27052
27057
27059
27060
27062
27065
27066
27067
27080
27086
27087
27097
27098
27100
27105
27110
27111
27130
27179
27202
27235
27238
27252
27257
27266
27267
27275
27278
27279
27301
27305
27306
27307
27310
27323
27324
27325
27326
27327
27328
27329
27330
27331
27332
27333
27334
27335
27337
27339
27340
27345
27347
27350
27355
27356
27357
27360
27364
27372
27380
27381
27385
27386
27390
27391
27392
27393
27394
27395
27396
27397
27400
27403
27405
27407
27409
27412
27415
27416
27418
27420
27422
27424
27425
27427
27428
27429
27430
27435
27437
27438
27440
27441
27442
27443
27446
27447
27475
27477
27479
27485
27496
27497
27498
27499
27502
27503
27509
27510
27517
27524
27532
27552
27566
27570
27594
27600
27601
27602
27603
27604
27605
27606
27607
27610
27612
27613
27614
27615
27616
27618
27619
27620
27625
27626
27630
27632
27634
27635
27637
27638
27640
27641
27647
27650
27652
27654
27656
27658
27659
27664
27665
27675
27676
27680
27681
27685
27686
27687
27690
27691
27695
27696
27698
27700
27702
27705
27707
27709
27720
27722
27726
27730
27732
27734
27740
27742
27745
27752
27756
27758
27759
27762
27766
27768
27769
27781
27784
27792
278
27810
27814
27818
27822
27823
27825
27826
27827
27828
27829
27831
27832
27842
27846
27848
27860
27870
27871
27884
27889
27892
27893
27894
28001
28002
28003
28005
28008
28010
28011
28020
28022
28024
28035
28039
28041
28043
28045
28046
28047
28050
28052
28054
28055
28060
28062
28070
28072
28080
28086
28088
28090
28092
28100
28102
28103
28104
28106
28107
28108
28110
28111
28112
28113
28114
28116
28118
28119
28120
28122
28124
28126
28130
28140
28150
28153
28160
28171
28173
28175
28192
28193
28200
28202
28208
28210
28220
28222
28225
28226
28230
28232
28234
28238
28240
28250
28260
28261
28262
28264
28270
28272
28280
28285
28286
28288
28289
28291
28292
28295
28296
28297
28298
28299
28300
28302
28304
28305
28306
28307
28308
28309
28310
28312
28313
28315
28320
28322
28340
28341
28344
28345
28360
28406
28415
28420
28435
28436
28445
28446
28455
28456
28465
28476
28485
28496
28505
28525
28531
28545
28546
28555
28575
28576
28585
28606
28615
28635
28636
28645
28666
28675
28705
28715
28725
28730
28735
28737
28740
28750
28755
28760
28805
28810
28820
28825
28890
29800
29804
29805
29806
29807
29819
29820
29821
29822
29823
29824
29825
29826
29827
29828
29830
29834
29835
29836
29837
29838
29840
29843
29844
29845
29846
29847
29848
29850
29851
29855
29856
29860
29861
29862
29863
29866
29867
29868
29870
29871
29873
29874
29875
29876
29877
29879
29880
29881
29882
29883
29884
29885
29886
29887
29888
29889
29891
29892
29893
29894
29895
29897
29898
29899
29900
29901
29902
29904
29905
29906
29907
29914
29915
29916
30100
30110
30115
30117
30118
30120
30124
30125
30130
30140
30150
30160
30210
30220
30310
30320
30400
30410
30420
30430
30435
30450
30460
30462
30465
30468
30469
30520
30540
30545
30580
30600
30620
30630
30801
30802
30915
30920
30930
31002
31020
31030
31032
31040
31050
31051
31070
31075
31080
31081
31084
31085
31086
31087
31090
31200
31201
31205
31235
31237
31238
31239
31240
31241
31242
31243
31253
31254
31255
31256
31257
31259
31267
31276
31287
31288
31292
31293
31294
31295
31296
31297
31298
31300
31400
31420
31510
31512
31525
31526
31527
31528
31529
31530
31531
31535
31536
31540
31541
31545
31546
31551
31552
31553
31554
31560
31561
31570
31571
31572
31573
31574
31576
31578
31580
31584
31587
31590
31591
31592
31600
31601
31603
31610
31611
31612
31613
31614
31622
31623
31624
31625
31626
31628
31629
31630
31631
31634
31635
31636
31638
31640
31641
31643
31645
31647
31648
31652
31653
31660
31661
31730
31750
31755
31785
31820
31825
31830
320
32400
32408
32550
32551
32556
32557
32601
32604
32606
32607
32608
32609
32994
32998
33016
33206
33207
33208
33210
33211
33212
33213
33214
33215
33216
33217
33221
33224
33226
33227
33228
33229
33230
33231
33240
33249
33262
33263
33264
33270
33271
33274
33275
33278
33279
33280
33281
33285
33287
33288
33289
33900
33901
33902
33903
34101
34111
34201
34203
34421
34490
34501
34510
34520
34530
350
35011
35045
35180
35184
35188
35190
35201
35206
35207
35231
35236
35256
35261
35266
35286
35321
35860
35875
35876
35879
35881
35883
35884
35903
360
361
36260
36473
36475
36478
36482
36555
36556
36557
36558
36560
36561
36563
36565
36566
36568
36569
36570
36571
36573
36576
36578
36580
36581
36582
36583
36584
36585
36595
36596
36597
36640
36800
36810
36815
36818
36819
36820
36821
36825
36830
36831
36832
36833
36835
36836
36837
36838
36860
36861
36901
36902
36903
36904
36905
36906
370
371
37183
37184
37187
37188
37191
37192
37193
37197
372
37200
37211
37212
37213
37214
37220
37221
37224
37225
37226
37227
37228
37229
37230
37231
37236
37238
37241
37242
37243
37244
37246
37248
37500
37565
37600
37605
37606
37607
37609
37615
37619
37650
37700
37718
37722
37735
37760
37761
37765
37766
37780
37785
37790
38120
38129
38220
38221
38222
38240
38300
38305
38308
38500
38505
38510
38520
38525
38530
38531
38542
38550
38555
38570
38571
38572
38573
38589
38700
38720
38740
38745
38760
39401
39402
40500
40510
40520
40525
40527
40530
40654
40700
40701
40702
40720
40761
40810
40812
40814
40816
40819
40820
40840
40842
40843
40844
40845
41006
41007
41008
41010
41016
41017
41018
41019
41105
41108
41110
41112
41113
41114
41115
41116
41120
41510
41512
41520
41530
41805
41806
41820
41821
41822
41823
41825
41826
41827
41828
41830
41850
41870
41872
41874
420
42100
42104
42106
42107
42120
42140
42145
42160
42182
42200
42205
42210
42215
42220
42225
42226
42227
42235
42260
42281
42300
42305
42330
42335
42340
42405
42408
42409
42410
42415
42420
42425
42440
42450
42500
42505
42507
42509
42510
42600
42650
42665
42720
42725
42800
42804
42806
42808
42810
42815
42820
42821
42825
42826
42830
42831
42835
42836
42842
42844
42860
42870
42890
42892
42900
42950
42955
42962
42972
42975
43020
43030
43130
43180
43191
43192
43193
43194
43195
43196
43201
43202
43204
43205
43206
43210
43211
43212
43213
43214
43215
43216
43217
43220
43226
43227
43229
43231
43232
43233
43237
43238
43240
43241
43242
43243
43244
43245
43246
43249
43250
43251
43252
43253
43254
43255
43257
43259
43260
43261
43262
43263
43264
43265
43266
43270
43274
43275
43276
43277
43278
43280
43281
43282
43284
43289
43290
43420
43453
43497
43647
43648
43651
43652
43653
43659
43770
43772
43773
43774
43830
43870
44180
44186
44238
44360
44361
44363
44364
44365
44366
44369
44370
44372
44373
44376
44377
44378
44379
44381
44384
44402
44950
44970
44979
45020
45100
45108
45160
45171
45172
45190
45307
45308
45320
45321
45327
45347
45349
45389
45390
45499
45500
45505
45541
45560
45990
46020
46045
46060
46070
46080
46200
46230
46250
46255
46257
46258
46260
46261
46262
46270
46275
46280
46285
46288
46610
46612
46615
46700
46706
46707
46750
46753
46754
46760
46761
46917
46922
46924
46940
46945
46946
46947
46948
47000
47370
47371
47379
47382
47383
47490
47533
47534
47535
47536
47538
47539
47540
47541
47552
47553
47554
47555
47556
47562
47563
47564
47579
48102
490
49180
49185
49250
49320
49321
49322
49323
49324
49325
49329
49402
49405
49406
49407
49418
49419
49421
49423
49426
49436
49440
49441
49446
49491
49492
49495
49496
49500
49501
49505
49507
49520
49521
49525
49540
49550
49553
49555
49557
49591
49592
49593
49594
49595
49600
49613
49614
49615
49650
49651
49659
50020
50080
50081
50200
50382
50385
50387
50396
50432
50433
50434
50435
50436
50437
50541
50542
50543
50544
50549
50551
50553
50555
50557
50561
50562
50570
50572
50574
50575
50576
50580
50590
50592
50593
50688
50693
50694
50695
50727
50945
50947
50948
50949
50951
50953
50955
50957
50961
50970
50972
50974
50976
50980
510
51020
51030
51040
51045
51050
51060
51065
51080
51102
51500
51520
51535
51710
51715
51720
51727
51728
51729
51845
51860
51880
51990
51992
51999
52000
52001
52005
52007
52010
52204
52214
52224
52234
52235
52240
52250
52260
52265
52270
52275
52276
52277
52281
52282
52283
52284
52285
52287
52290
52300
52301
52305
52310
52315
52317
52318
52320
52325
52327
52330
52332
52334
52341
52342
52343
52344
52345
52346
52351
52352
52353
52354
52355
52356
52400
52402
52450
52500
52601
52630
52640
52647
52648
52649
52700
53000
53010
53020
53025
53040
53060
53080
53085
53200
53210
53215
53220
53230
53235
53240
53250
53260
53265
53270
53275
53400
53405
53410
53420
53425
53430
53431
53440
53442
53444
53445
53447
53449
53450
53451
53452
53453
53460
53500
53502
53505
53510
53515
53520
53605
53620
53665
53850
53852
53854
53855
53860
54000
54001
54015
54100
54105
54110
54111
54112
54115
54120
54150
54160
54161
54162
54163
54164
54205
54300
54304
54308
54312
54316
54318
54322
54324
54326
54328
54332
54336
54340
54344
54348
54352
54360
54380
54385
54400
54401
54405
54408
54410
54411
54416
54417
54420
54435
54437
54440
54500
54505
54512
54520
54522
54530
54535
54550
54560
54600
54620
54640
54650
54660
54670
54680
54690
54692
54699
54700
54800
54830
54840
54860
54861
54865
54900
54901
55040
55041
55060
55100
55110
55120
55150
55175
55180
55200
55250
55400
55500
55520
55530
55535
55540
55550
55559
55600
55680
55700
55705
55706
55720
55725
55860
55866
55867
55873
55874
55875
55880
55920
55970
55980
56440
56441
56442
56620
56625
56700
56740
56800
56805
56810
57000
57010
57020
57022
57023
57061
57065
57105
57106
57107
57109
57120
57130
57135
57155
57200
57210
57220
57230
57240
57250
57260
57265
57268
57282
57283
57284
57285
57288
57289
57291
57292
57295
57300
57310
57320
57330
57335
57400
57410
57415
57423
57425
57426
57460
57461
57510
57513
57520
57522
57530
57550
57555
57556
57558
57700
57720
57800
58120
58145
58260
58262
58263
58270
58290
58291
58292
58294
58345
58346
58350
58353
58356
58541
58542
58543
58544
58545
58546
58550
58552
58553
58554
58555
58558
58559
58560
58561
58562
58563
58565
58570
58571
58572
58573
58578
58580
58600
58615
58660
58661
58662
58670
58671
58672
58673
58674
58679
58770
58800
58805
58820
58900
58920
58925
59100
59150
59151
59160
59300
59320
59409
59412
59414
59612
59812
59820
59821
59840
59841
59870
59898
60000
60200
60210
60212
60220
60225
60240
60252
60260
60271
60280
60281
60500
60502
60520
60659
60699
610
61215
61330
61623
61626
61720
61770
61790
61791
61880
61885
61886
61888
61891
61892
62000
62194
62225
62230
62269
62287
62292
62310
62311
62350
62351
62360
62361
62362
62380
630
63001
63003
63005
63011
63012
63015
63016
63017
63020
63030
63040
63042
63045
63046
63047
63055
63056
63064
63075
63265
63266
63267
63268
63600
63610
63650
63655
63662
63663
63664
63685
63688
63741
63744
64415
64447
64450
64479
64483
64484
64553
64555
64561
64568
64569
64575
64580
64581
64582
64583
64585
64590
64595
64596
64598
64605
64610
64624
64625
64628
64633
64635
64702
64704
64708
64712
64713
64714
64716
64718
64719
64721
64722
64726
64732
64734
64736
64738
64740
64742
64744
64746
64763
64766
64771
64772
64774
64776
64782
64784
64786
64788
64790
64792
64795
64802
64804
64820
64821
64822
64823
64831
64834
64835
64836
64840
64856
64857
64858
64861
64862
64864
64865
64885
64886
64890
64891
64892
64893
64895
64896
64897
64898
64905
64907
64910
64911
64912
65091
65093
65101
65103
65105
65110
65112
65114
65125
65130
65135
65140
65150
65155
65175
65235
65260
65265
65270
65272
65275
65280
65285
65286
65290
65410
65420
65426
65436
65600
65710
65730
65750
65755
65756
65770
65775
65780
65781
65782
65785
65800
65810
65815
65820
65850
65865
65870
65875
65880
65900
65920
65930
66020
66030
66130
66150
66155
66160
66170
66172
66174
66175
66179
66180
66183
66184
66185
66225
66250
66500
66505
66600
66605
66625
66630
66635
66680
66682
66700
66710
66711
66720
66740
66820
66825
66830
66840
66850
66852
66920
66930
66940
66982
66983
66984
66985
66986
66987
66988
66989
66991
66999
67005
67010
67015
67025
67027
67030
67036
67039
67040
67041
67042
67043
67101
67107
67108
67110
67113
67115
67120
67121
67218
67227
67250
67255
67299
67311
67312
67314
67316
67318
67343
67346
67400
67405
67412
67413
67414
67415
67420
67430
67440
67445
67450
67550
67560
67570
67715
67808
67835
67880
67882
67900
67901
67902
67903
67904
67906
67908
67909
67911
67912
67914
67915
67916
67917
67921
67922
67923
67924
67930
67935
67950
67961
67966
67971
67973
67974
67975
68100
68110
68115
68130
68135
68320
68325
68326
68328
68330
68335
68340
68360
68362
68371
68420
68500
68505
68510
68520
68525
68540
68550
68700
68720
68745
68750
68770
68811
68815
68816
69005
69105
69110
69120
69140
69145
69150
69205
69300
69310
69320
69421
69436
69440
69450
69501
69502
69505
69511
69530
69540
69550
69552
69601
69602
69603
69604
69610
69620
69631
69632
69633
69635
69636
69637
69641
69642
69643
69644
69645
69646
69650
69660
69661
69662
69666
69667
69670
69676
69700
69705
69706
69711
69714
69716
69717
69719
69720
69725
69726
69727
69728
69729
69730
69740
69745
69801
69805
69806
69905
69910
69915
69930
69955
69960
69970
70010
70015
70030
70100
70110
70120
70130
70134
70140
70150
70160
70170
70190
70200
70210
70220
70240
70250
70260
70300
70310
70320
70328
70330
70332
70336
70350
70355
70360
70370
70371
70380
70390
70450
70460
70470
70480
70481
70482
70486
70487
70488
70490
70491
70492
70496
70498
70540
70542
70543
70544
70545
70546
70547
70548
70549
70551
70552
70553
70554
70555
70557
70558
70559
71045
71046
71047
71048
71100
71101
71110
71111
71120
71130
71250
71260
71270
71271
71275
71550
71551
71552
71555
72020
72040
72050
72052
72070
72072
72074
72080
72081
72082
72083
72084
72100
72110
72114
72120
72125
72126
72127
72128
72129
72130
72131
72132
72133
72141
72142
72146
72147
72148
72149
72156
72157
72158
72159
72170
72190
72191
72192
72193
72194
72195
72196
72197
72198
72200
72202
72220
72240
72255
72265
72270
72285
72295
73000
73010
73020
73030
73040
73050
73060
73070
73080
73085
73090
73092
73100
73110
73115
73120
73130
73140
73200
73201
73202
73206
73218
73219
73220
73221
73222
73223
73225
73501
73502
73503
73521
73522
73523
73525
73551
73552
73560
73562
73564
73565
73580
73590
73592
73600
73610
73615
73620
73630
73650
73660
73700
73701
73702
73706
73718
73719
73720
73721
73722
73723
73725
74018
74019
74021
74022
74150
74160
74170
74174
74175
74176
74177
74178
74181
74182
74183
74185
74190
74210
74220
74221
74230
74235
74240
74246
74248
74250
74251
74261
74262
74263
74270
74280
74283
74290
74300
74301
74328
74329
74330
74340
74355
74360
74363
74400
74410
74415
74420
74425
74430
74440
74445
74450
74455
74470
74485
74712
74713
74740
74742
74775
75557
75559
75561
75563
75565
75571
75572
75573
75574
75580
75600
75605
75625
75630
75635
75705
75710
75716
75726
75731
75733
75736
75741
75743
75746
75756
75774
75801
75803
75805
75807
75809
75810
75820
75822
75825
75827
75831
75833
75840
75842
75860
75870
75872
75880
75885
75887
75889
75891
75893
75894
75898
75901
75902
75956
75957
75958
75959
75970
75984
75989
76000
76010
76080
76098
76100
76120
76125
76140
76145
76376
76377
76380
76390
76391
76496
76497
76498
76499
76506
76510
76511
76512
76513
76514
76516
76519
76529
76536
76604
76641
76642
76700
76705
76706
76770
76775
76776
76800
76801
76802
76805
76810
76811
76812
76813
76814
76815
76816
76817
76818
76819
76820
76821
76825
76826
76827
76828
76830
76831
76856
76857
76870
76872
76873
76881
76882
76883
76885
76886
76932
76936
76937
76940
76941
76942
76945
76946
76948
76965
76975
76977
76978
76979
76981
76982
76983
76984
76987
76988
76989
76998
76999
77001
77002
77003
77011
77012
77013
77014
77021
77022
77046
77047
77048
77049
77053
77054
77061
77062
77063
77065
77066
77067
77071
77072
77073
77074
77075
77076
77077
77078
77080
77081
77084
77085
77086
77089
77090
77091
77092
77261
77262
77263
77280
77285
77290
77293
77295
77299
77300
77301
77306
77307
77316
77317
77318
77321
77331
77332
77333
77334
77336
77338
77370
77371
77372
77373
77385
77386
77387
77399
77401
77402
77407
77412
77417
77423
77424
77425
77427
77431
77432
77435
77469
77470
77499
77520
77522
77523
77525
77600
77605
77610
77615
77620
77750
77761
77762
77763
77767
77768
77770
77771
77772
77778
77789
77790
77799
78012
78013
78014
78015
78016
78018
78020
78070
78071
78072
78075
78099
78102
78103
78104
78110
78111
78120
78121
78122
78130
78140
78185
78191
78195
78199
78201
78202
78215
78216
78226
78227
78230
78231
78232
78258
78261
78262
78264
78265
78266
78267
78268
78278
78282
78290
78291
78299
78300
78305
78306
78315
78350
78351
78399
78414
78428
78429
78430
78431
78432
78433
78434
78445
78451
78452
78453
78454
78456
78457
78458
78459
78466
78468
78469
78472
78473
78481
78483
78491
78492
78494
78496
78499
78579
78580
78582
78597
78598
78599
78600
78601
78605
78606
78608
78609
78610
78630
78635
78645
78650
78660
78699
78700
78701
78707
78708
78709
78725
78730
78740
78761
78799
78800
78801
78802
78803
78804
78808
78811
78812
78813
78814
78815
78816
78830
78831
78832
78835
78999
79005
79101
79200
79300
79403
79440
79445
79999
92537
92538
92540
92541
92542
92543
92544
92545
92546
92547
92548
92549
92550
92552
92553
92557
92567
92585
92625
92650
92651
92652
92653
93886
93888
93892
93893
93896
95812
95813
95816
95819
95822
95829
95831
95832
95833
95834
95860
95861
95862
95863
95864
95865
95867
95868
95869
95870
95887
95907
95908
95909
95910
95911
95912
95913
95921
95922
95923
95925
95926
95927
95928
95929
95930
95933
95934
95936
95937
95939
95940
95941
95943
95944
95945
95957
95961
95962
95963
95970
95971
95972
97110
97750
99091
99152
99153
99202
99203
99204
99205
99211
99212
99213
99214
99215
99221
99222
99223
99231
99232
99233
99234
99235
99236
99238
99239
99242
99243
99244
99245
99252
99253
99254
99255
99281
99282
99283
99284
99285
99288
99291
99292
99304
99305
99306
99307
99308
99309
99310
99315
99316
99341
99342
99344
99345
99347
99348
99349
99350
99358
99359
99360
99366
99367
99368
99374
99375
99377
99378
99379
99380
99381
99382
99383
99384
99385
99386
99387
99391
99392
99393
99394
99395
99396
99397
99401
99402
99403
99404
99406
99407
99408
99409
99411
99412
99415
99416
99417
99418
99421
99422
99423
99424
99425
99426
99427
99429
99437
99439
99441
99442
99443
99446
99447
99448
99449
99450
99451
99452
99453
99454
99455
99456
99457
99458
99459
99460
99461
99462
99463
99464
99465
99466
99467
99468
99469
99471
99472
99473
99474
99475
99476
99477
99478
99479
99480
99483
99484
99485
99486
99487
99489
99490
99491
99492
99493
99494
99495
99496
99497
99498
99499
G0316
G0317
G0318
G0453
G2212
IME00
IME01
IME02
IME03
